-44.139	-60.892
-44	-60.92
-43.948	-60.912
-43.896	-60.904
-43.844	-60.896
-43.792	-60.888
-43.74	-60.88
-43.688	-60.872
-43.636	-60.864
-43.584	-60.856
-43.532	-60.848
-43.48	-60.84
-43.428	-60.832
-43.376	-60.824
-43.324	-60.816
-43.272	-60.808
-43.22	-60.8
-43.168	-60.792
-43.116	-60.784
-43.064	-60.776
-43.012	-60.768
-42.96	-60.76
-42.951	-60.759
-42.943	-60.758
-42.934	-60.757
-42.926	-60.756
-42.917	-60.755
-42.909	-60.754
-42.9	-60.753
-42.892	-60.752
-42.883	-60.751
-42.875	-60.75
-42.866	-60.749
-42.858	-60.748
-42.849	-60.747
-42.841	-60.746
-42.832	-60.745
-42.824	-60.744
-42.815	-60.743
-42.807	-60.742
-42.798	-60.741
-42.79	-60.74
-42.77	-60.737
-42.75	-60.734
-42.73	-60.731
-42.71	-60.728
-42.69	-60.725
-42.67	-60.722
-42.65	-60.719
-42.63	-60.716
-42.61	-60.713
-42.59	-60.71
-42.57	-60.707
-42.55	-60.704
-42.53	-60.701
-42.51	-60.698
-42.49	-60.695
-42.47	-60.692
-42.45	-60.689
-42.43	-60.686
-42.41	-60.683
-42.39	-60.68
-42.386	-60.679
-42.382	-60.678
-42.378	-60.677
-42.374	-60.676
-42.37	-60.675
-42.366	-60.674
-42.362	-60.673
-42.358	-60.672
-42.354	-60.671
-42.35	-60.67
-42.346	-60.669
-42.342	-60.668
-42.338	-60.667
-42.334	-60.666
-42.33	-60.665
-42.326	-60.664
-42.322	-60.663
-42.318	-60.662
-42.314	-60.661
-42.31	-60.66
-42.305	-60.66
-42.3	-60.659
-42.295	-60.659
-42.29	-60.658
-42.285	-60.658
-42.28	-60.657
-42.275	-60.657
-42.27	-60.656
-42.265	-60.656
-42.26	-60.655
-42.254	-60.655
-42.249	-60.654
-42.244	-60.654
-42.239	-60.653
-42.234	-60.652
-42.229	-60.652
-42.224	-60.651
-42.219	-60.651
-42.214	-60.65
-42.209	-60.65
-42.208	-60.65
-42.207	-60.65
-42.206	-60.65
-42.205	-60.65
-42.204	-60.65
-42.203	-60.65
-42.202	-60.65
-42.201	-60.65
-42.2	-60.65
-42.199	-60.65
-42.198	-60.65
-42.197	-60.65
-42.196	-60.65
-42.196	-60.65
-42.195	-60.65
-42.194	-60.65
-42.193	-60.65
-42.192	-60.65
-42.191	-60.65
-42.19	-60.65
-42.189	-60.649
-42.188	-60.649
-42.187	-60.648
-42.186	-60.648
-42.185	-60.647
-42.184	-60.647
-42.183	-60.646
-42.182	-60.646
-42.181	-60.645
-42.18	-60.645
-42.179	-60.644
-42.178	-60.644
-42.177	-60.643
-42.176	-60.643
-42.175	-60.642
-42.174	-60.642
-42.173	-60.642
-42.172	-60.641
-42.171	-60.641
-42.17	-60.64
-42.171	-60.641
-42.172	-60.641
-42.173	-60.642
-42.174	-60.642
-42.175	-60.643
-42.176	-60.643
-42.177	-60.644
-42.178	-60.644
-42.179	-60.645
-42.18	-60.645
-42.181	-60.646
-42.182	-60.646
-42.183	-60.647
-42.184	-60.647
-42.185	-60.648
-42.186	-60.648
-42.187	-60.649
-42.188	-60.649
-42.189	-60.65
-42.19	-60.65
-42.185	-60.649
-42.18	-60.648
-42.175	-60.647
-42.17	-60.646
-42.165	-60.645
-42.16	-60.644
-42.155	-60.643
-42.15	-60.642
-42.145	-60.641
-42.14	-60.64
-42.135	-60.639
-42.13	-60.638
-42.125	-60.637
-42.12	-60.636
-42.115	-60.635
-42.11	-60.634
-42.105	-60.633
-42.1	-60.632
-42.095	-60.631
-42.09	-60.63
-42.084	-60.629
-42.078	-60.628
-42.072	-60.627
-42.067	-60.626
-42.061	-60.625
-42.055	-60.624
-42.049	-60.623
-42.044	-60.622
-42.038	-60.621
-42.032	-60.62
-42.026	-60.619
-42.021	-60.618
-42.015	-60.617
-42.009	-60.616
-42.003	-60.615
-41.998	-60.614
-41.992	-60.613
-41.986	-60.612
-41.98	-60.611
-41.974	-60.61
-41.967	-60.609
-41.96	-60.608
-41.953	-60.607
-41.946	-60.606
-41.938	-60.605
-41.931	-60.604
-41.924	-60.603
-41.917	-60.602
-41.909	-60.601
-41.902	-60.6
-41.895	-60.599
-41.888	-60.598
-41.881	-60.597
-41.873	-60.596
-41.866	-60.595
-41.859	-60.594
-41.852	-60.593
-41.844	-60.592
-41.837	-60.591
-41.83	-60.59
-41.823	-60.589
-41.816	-60.588
-41.809	-60.587
-41.802	-60.586
-41.795	-60.585
-41.788	-60.584
-41.781	-60.583
-41.774	-60.582
-41.768	-60.581
-41.761	-60.58
-41.754	-60.579
-41.747	-60.578
-41.74	-60.577
-41.733	-60.576
-41.726	-60.575
-41.719	-60.574
-41.712	-60.573
-41.705	-60.572
-41.698	-60.571
-41.691	-60.57
-41.676	-60.568
-41.66	-60.566
-41.645	-60.564
-41.629	-60.562
-41.613	-60.56
-41.598	-60.558
-41.582	-60.556
-41.567	-60.554
-41.551	-60.552
-41.536	-60.55
-41.52	-60.548
-41.504	-60.546
-41.489	-60.544
-41.473	-60.542
-41.458	-60.54
-41.442	-60.538
-41.427	-60.536
-41.411	-60.534
-41.396	-60.532
-41.38	-60.53
-41.36	-60.527
-41.34	-60.524
-41.32	-60.521
-41.3	-60.518
-41.28	-60.515
-41.26	-60.512
-41.24	-60.509
-41.22	-60.506
-41.2	-60.503
-41.18	-60.5
-41.16	-60.497
-41.14	-60.494
-41.12	-60.491
-41.1	-60.488
-41.08	-60.485
-41.06	-60.482
-41.04	-60.479
-41.02	-60.476
-41	-60.473
-40.98	-60.47
-40.935	-60.468
-40.889	-60.466
-40.843	-60.464
-40.798	-60.462
-40.752	-60.46
-40.707	-60.458
-40.661	-60.456
-40.616	-60.454
-40.57	-60.452
-40.525	-60.45
-40.479	-60.448
-40.434	-60.446
-40.388	-60.444
-40.343	-60.442
-40.297	-60.44
-40.252	-60.438
-40.206	-60.436
-40.161	-60.434
-40.115	-60.432
-40.07	-60.43
-40.031	-60.429
-39.993	-60.428
-39.954	-60.427
-39.916	-60.426
-39.877	-60.425
-39.839	-60.424
-39.8	-60.423
-39.762	-60.422
-39.723	-60.421
-39.685	-60.42
-39.646	-60.419
-39.608	-60.418
-39.569	-60.417
-39.531	-60.416
-39.493	-60.415
-39.454	-60.414
-39.416	-60.413
-39.377	-60.412
-39.339	-60.411
-39.3	-60.41
-39.291	-60.41
-39.282	-60.41
-39.273	-60.41
-39.264	-60.41
-39.255	-60.41
-39.246	-60.41
-39.237	-60.41
-39.228	-60.41
-39.219	-60.41
-39.21	-60.41
-39.201	-60.41
-39.192	-60.41
-39.183	-60.41
-39.174	-60.41
-39.165	-60.41
-39.156	-60.41
-39.147	-60.41
-39.138	-60.41
-39.129	-60.41
-39.12	-60.41
-39.099	-60.41
-39.078	-60.411
-39.058	-60.412
-39.037	-60.412
-39.017	-60.413
-38.996	-60.413
-38.976	-60.414
-38.955	-60.414
-38.935	-60.415
-38.914	-60.415
-38.894	-60.416
-38.873	-60.416
-38.853	-60.417
-38.832	-60.417
-38.812	-60.418
-38.791	-60.418
-38.771	-60.419
-38.75	-60.419
-38.729	-60.42
-38.709	-60.42
-38.674	-60.421
-38.638	-60.422
-38.603	-60.423
-38.567	-60.424
-38.532	-60.425
-38.496	-60.426
-38.461	-60.427
-38.425	-60.428
-38.39	-60.429
-38.355	-60.43
-38.319	-60.431
-38.284	-60.432
-38.248	-60.433
-38.213	-60.434
-38.177	-60.435
-38.142	-60.436
-38.107	-60.437
-38.071	-60.438
-38.036	-60.439
-38	-60.44
-37.969	-60.441
-37.937	-60.442
-37.906	-60.443
-37.874	-60.444
-37.843	-60.445
-37.811	-60.446
-37.78	-60.447
-37.748	-60.448
-37.717	-60.449
-37.685	-60.45
-37.654	-60.451
-37.622	-60.452
-37.59	-60.453
-37.559	-60.454
-37.527	-60.455
-37.496	-60.456
-37.464	-60.457
-37.433	-60.458
-37.401	-60.459
-37.37	-60.46
-37.321	-60.456
-37.273	-60.452
-37.225	-60.448
-37.176	-60.444
-37.128	-60.44
-37.079	-60.436
-37.031	-60.432
-36.982	-60.428
-36.934	-60.424
-36.885	-60.42
-36.837	-60.416
-36.789	-60.411
-36.74	-60.407
-36.692	-60.403
-36.643	-60.399
-36.595	-60.395
-36.547	-60.391
-36.498	-60.387
-36.45	-60.383
-36.401	-60.379
-36.355	-60.375
-36.309	-60.371
-36.262	-60.368
-36.216	-60.364
-36.17	-60.36
-36.124	-60.356
-36.077	-60.353
-36.031	-60.349
-35.985	-60.345
-35.938	-60.341
-35.892	-60.337
-35.846	-60.334
-35.8	-60.33
-35.753	-60.326
-35.707	-60.322
-35.661	-60.318
-35.614	-60.315
-35.568	-60.311
-35.522	-60.307
-35.476	-60.303
-35.446	-60.295
-35.417	-60.287
-35.388	-60.279
-35.359	-60.271
-35.329	-60.262
-35.3	-60.254
-35.271	-60.246
-35.241	-60.238
-35.212	-60.23
-35.183	-60.221
-35.154	-60.213
-35.124	-60.205
-35.095	-60.197
-35.066	-60.189
-35.037	-60.18
-35.008	-60.172
-34.978	-60.164
-34.949	-60.156
-34.92	-60.148
-34.891	-60.139
-34.87	-60.134
-34.849	-60.128
-34.828	-60.123
-34.807	-60.118
-34.786	-60.112
-34.765	-60.107
-34.744	-60.101
-34.723	-60.096
-34.702	-60.09
-34.681	-60.085
-34.66	-60.079
-34.639	-60.074
-34.618	-60.069
-34.597	-60.063
-34.576	-60.058
-34.556	-60.052
-34.535	-60.047
-34.514	-60.041
-34.493	-60.036
-34.472	-60.03
-34.441	-60.025
-34.409	-60.02
-34.378	-60.015
-34.347	-60.01
-34.316	-60.005
-34.285	-60
-34.254	-59.995
-34.223	-59.99
-34.191	-59.985
-34.16	-59.98
-34.129	-59.975
-34.098	-59.97
-34.067	-59.965
-34.036	-59.96
-34.005	-59.955
-33.974	-59.95
-33.942	-59.945
-33.911	-59.94
-33.88	-59.935
-33.849	-59.93
-33.821	-59.926
-33.792	-59.922
-33.764	-59.918
-33.735	-59.914
-33.707	-59.91
-33.678	-59.906
-33.65	-59.902
-33.621	-59.898
-33.593	-59.894
-33.564	-59.89
-33.536	-59.886
-33.507	-59.882
-33.479	-59.878
-33.45	-59.874
-33.422	-59.87
-33.393	-59.866
-33.365	-59.862
-33.337	-59.858
-33.308	-59.854
-33.28	-59.85
-33.274	-59.85
-33.268	-59.851
-33.262	-59.851
-33.256	-59.852
-33.25	-59.852
-33.244	-59.853
-33.238	-59.853
-33.232	-59.854
-33.226	-59.854
-33.22	-59.855
-33.214	-59.855
-33.208	-59.856
-33.202	-59.856
-33.196	-59.857
-33.19	-59.857
-33.184	-59.858
-33.178	-59.858
-33.172	-59.859
-33.166	-59.859
-33.16	-59.86
-33.155	-59.86
-33.151	-59.86
-33.146	-59.86
-33.142	-59.86
-33.138	-59.86
-33.133	-59.86
-33.129	-59.86
-33.124	-59.86
-33.12	-59.86
-33.115	-59.86
-33.111	-59.86
-33.106	-59.86
-33.102	-59.86
-33.098	-59.86
-33.093	-59.86
-33.089	-59.86
-33.084	-59.86
-33.08	-59.86
-33.075	-59.86
-33.071	-59.86
-33.065	-59.861
-33.059	-59.862
-33.053	-59.863
-33.047	-59.864
-33.041	-59.865
-33.035	-59.866
-33.029	-59.867
-33.022	-59.868
-33.016	-59.869
-33.01	-59.87
-33.004	-59.871
-32.998	-59.872
-32.992	-59.873
-32.986	-59.874
-32.98	-59.875
-32.974	-59.876
-32.968	-59.877
-32.962	-59.878
-32.956	-59.879
-32.95	-59.88
-32.945	-59.881
-32.941	-59.881
-32.936	-59.882
-32.932	-59.882
-32.927	-59.883
-32.923	-59.883
-32.918	-59.884
-32.914	-59.884
-32.909	-59.885
-32.905	-59.885
-32.9	-59.886
-32.896	-59.886
-32.891	-59.887
-32.887	-59.887
-32.882	-59.888
-32.878	-59.888
-32.873	-59.889
-32.869	-59.889
-32.864	-59.89
-32.86	-59.89
-32.857	-59.891
-32.855	-59.891
-32.852	-59.892
-32.85	-59.892
-32.847	-59.893
-32.844	-59.893
-32.842	-59.894
-32.839	-59.894
-32.837	-59.895
-32.834	-59.895
-32.832	-59.896
-32.829	-59.896
-32.826	-59.897
-32.824	-59.897
-32.821	-59.898
-32.819	-59.898
-32.816	-59.899
-32.814	-59.899
-32.811	-59.9
-32.808	-59.9
-32.805	-59.9
-32.801	-59.9
-32.797	-59.9
-32.793	-59.9
-32.789	-59.9
-32.785	-59.9
-32.781	-59.9
-32.777	-59.9
-32.774	-59.9
-32.77	-59.9
-32.766	-59.9
-32.762	-59.9
-32.758	-59.9
-32.754	-59.9
-32.75	-59.9
-32.747	-59.9
-32.743	-59.9
-32.739	-59.9
-32.735	-59.9
-32.731	-59.9
-32.707	-59.902
-32.682	-59.904
-32.658	-59.906
-32.633	-59.908
-32.609	-59.91
-32.584	-59.912
-32.56	-59.914
-32.535	-59.916
-32.511	-59.918
-32.486	-59.92
-32.462	-59.922
-32.437	-59.924
-32.413	-59.926
-32.388	-59.928
-32.364	-59.93
-32.339	-59.932
-32.315	-59.934
-32.29	-59.936
-32.266	-59.938
-32.241	-59.94
-32.203	-59.942
-32.165	-59.943
-32.127	-59.945
-32.089	-59.946
-32.051	-59.948
-32.013	-59.949
-31.975	-59.951
-31.937	-59.952
-31.899	-59.954
-31.861	-59.955
-31.823	-59.957
-31.784	-59.958
-31.746	-59.96
-31.708	-59.961
-31.67	-59.962
-31.632	-59.964
-31.594	-59.965
-31.556	-59.967
-31.518	-59.968
-31.48	-59.97
-31.454	-59.987
-31.428	-60.005
-31.402	-60.023
-31.376	-60.04
-31.35	-60.058
-31.324	-60.075
-31.298	-60.093
-31.272	-60.11
-31.247	-60.128
-31.221	-60.145
-31.195	-60.163
-31.169	-60.18
-31.143	-60.198
-31.117	-60.215
-31.091	-60.232
-31.065	-60.25
-31.039	-60.267
-31.013	-60.285
-30.987	-60.302
-30.961	-60.32
-30.9	-60.327
-30.839	-60.335
-30.777	-60.342
-30.716	-60.35
-30.655	-60.357
-30.594	-60.365
-30.533	-60.372
-30.471	-60.38
-30.41	-60.387
-30.349	-60.395
-30.288	-60.402
-30.226	-60.41
-30.165	-60.417
-30.104	-60.425
-30.043	-60.432
-29.981	-60.44
-29.92	-60.447
-29.859	-60.454
-29.798	-60.462
-29.736	-60.469
-29.663	-60.48
-29.589	-60.491
-29.516	-60.502
-29.442	-60.513
-29.368	-60.524
-29.295	-60.535
-29.221	-60.545
-29.148	-60.556
-29.074	-60.567
-29	-60.578
-28.927	-60.589
-28.853	-60.6
-28.779	-60.61
-28.706	-60.621
-28.632	-60.632
-28.558	-60.643
-28.485	-60.653
-28.411	-60.664
-28.337	-60.675
-28.263	-60.686
-28.222	-60.691
-28.18	-60.697
-28.138	-60.703
-28.096	-60.708
-28.054	-60.714
-28.012	-60.719
-27.97	-60.725
-27.929	-60.731
-27.887	-60.736
-27.845	-60.742
-27.803	-60.747
-27.761	-60.753
-27.719	-60.759
-27.677	-60.764
-27.635	-60.77
-27.593	-60.775
-27.552	-60.781
-27.51	-60.787
-27.468	-60.792
-27.426	-60.798
-27.416	-60.799
-27.406	-60.801
-27.396	-60.802
-27.386	-60.804
-27.377	-60.805
-27.367	-60.807
-27.357	-60.808
-27.347	-60.809
-27.337	-60.811
-27.327	-60.812
-27.317	-60.814
-27.307	-60.815
-27.298	-60.817
-27.288	-60.818
-27.278	-60.82
-27.268	-60.821
-27.258	-60.822
-27.248	-60.824
-27.238	-60.825
-27.228	-60.827
-27.154	-60.836
-27.08	-60.846
-27.006	-60.855
-26.932	-60.865
-26.858	-60.874
-26.784	-60.884
-26.71	-60.893
-26.636	-60.902
-26.562	-60.912
-26.488	-60.921
-26.414	-60.931
-26.34	-60.94
-26.265	-60.949
-26.191	-60.959
-26.117	-60.968
-26.043	-60.978
-25.969	-60.987
-25.895	-60.996
-25.821	-61.006
-25.746	-61.015
-25.672	-61.026
-25.598	-61.037
-25.524	-61.047
-25.45	-61.058
-25.375	-61.069
-25.301	-61.08
-25.227	-61.091
-25.153	-61.102
-25.078	-61.113
-25.004	-61.123
-24.93	-61.134
-24.856	-61.145
-24.781	-61.156
-24.707	-61.166
-24.633	-61.177
-24.558	-61.188
-24.484	-61.199
-24.41	-61.209
-24.335	-61.22
-24.261	-61.231
-24.187	-61.241
-24.112	-61.251
-24.038	-61.261
-23.963	-61.271
-23.889	-61.281
-23.814	-61.291
-23.74	-61.301
-23.666	-61.311
-23.591	-61.321
-23.517	-61.331
-23.442	-61.341
-23.368	-61.351
-23.293	-61.361
-23.218	-61.371
-23.144	-61.381
-23.069	-61.391
-22.995	-61.401
-22.92	-61.41
-22.846	-61.42
-22.771	-61.43
-22.697	-61.44
-22.623	-61.45
-22.548	-61.461
-22.474	-61.471
-22.4	-61.481
-22.325	-61.491
-22.251	-61.501
-22.177	-61.511
-22.102	-61.521
-22.028	-61.531
-21.953	-61.541
-21.879	-61.551
-21.805	-61.561
-21.73	-61.571
-21.656	-61.581
-21.581	-61.591
-21.507	-61.601
-21.433	-61.611
-21.358	-61.621
-21.284	-61.631
-21.209	-61.641
-21.135	-61.651
-21.061	-61.662
-20.987	-61.672
-20.912	-61.682
-20.838	-61.692
-20.764	-61.702
-20.689	-61.712
-20.615	-61.722
-20.541	-61.732
-20.466	-61.742
-20.392	-61.752
-20.318	-61.762
-20.243	-61.772
-20.169	-61.783
-20.095	-61.793
-20.02	-61.803
-19.946	-61.813
-19.872	-61.823
-19.797	-61.832
-19.661	-61.813
-19.524	-61.793
-19.388	-61.773
-19.252	-61.753
-19.115	-61.733
-18.979	-61.713
-18.843	-61.693
-18.707	-61.673
-18.571	-61.653
-18.434	-61.633
-18.298	-61.613
-18.162	-61.593
-18.026	-61.573
-17.89	-61.553
-17.754	-61.533
-17.618	-61.512
-17.482	-61.492
-17.346	-61.472
-17.21	-61.451
-17.075	-61.431
-17.025	-61.426
-16.975	-61.421
-16.925	-61.416
-16.876	-61.411
-16.826	-61.406
-16.776	-61.401
-16.726	-61.396
-16.677	-61.391
-16.627	-61.386
-16.577	-61.381
-16.527	-61.376
-16.478	-61.371
-16.428	-61.365
-16.378	-61.36
-16.329	-61.355
-16.279	-61.35
-16.229	-61.345
-16.179	-61.34
-16.13	-61.335
-16.08	-61.33
-15.876	-61.304
-15.673	-61.278
-15.47	-61.252
-15.266	-61.226
-15.063	-61.2
-14.86	-61.174
-14.656	-61.148
-14.453	-61.121
-14.25	-61.095
-14.047	-61.068
-13.844	-61.042
-13.641	-61.015
-13.438	-60.989
-13.236	-60.962
-13.033	-60.935
-12.83	-60.908
-12.628	-60.881
-12.425	-60.854
-12.222	-60.827
-12.02	-60.8
-11.871	-60.78
-11.721	-60.761
-11.572	-60.741
-11.423	-60.721
-11.274	-60.702
-11.125	-60.682
-10.976	-60.662
-10.827	-60.642
-10.677	-60.622
-10.528	-60.602
-10.379	-60.582
-10.23	-60.562
-10.082	-60.542
-9.933	-60.522
-9.784	-60.502
-9.635	-60.482
-9.486	-60.462
-9.337	-60.441
-9.189	-60.421
-9.04	-60.401
-8.89	-60.381
-8.741	-60.361
-8.591	-60.342
-8.441	-60.322
-8.292	-60.302
-8.142	-60.282
-7.993	-60.263
-7.843	-60.243
-7.694	-60.223
-7.544	-60.203
-7.395	-60.183
-7.246	-60.163
-7.096	-60.143
-6.947	-60.122
-6.798	-60.102
-6.649	-60.082
-6.499	-60.062
-6.35	-60.041
-6.201	-60.021
-6.052	-60.001
-5.905	-59.982
-5.757	-59.963
-5.61	-59.944
-5.463	-59.925
-5.315	-59.906
-5.168	-59.888
-5.021	-59.869
-4.874	-59.849
-4.727	-59.83
-4.58	-59.811
-4.432	-59.792
-4.285	-59.773
-4.138	-59.754
-3.991	-59.734
-3.844	-59.715
-3.697	-59.696
-3.551	-59.676
-3.404	-59.657
-3.257	-59.637
-3.11	-59.618
-2.959	-59.598
-2.809	-59.577
-2.658	-59.557
-2.507	-59.536
-2.357	-59.516
-2.206	-59.495
-2.056	-59.474
-1.905	-59.454
-1.755	-59.433
-1.605	-59.412
-1.454	-59.391
-1.304	-59.37
-1.154	-59.349
-1.003	-59.328
-0.853	-59.308
-0.703	-59.286
-0.553	-59.265
-0.403	-59.244
-0.253	-59.223
-0.103	-59.202
0.046	-59.183
0.194	-59.164
0.342	-59.145
0.49	-59.126
0.639	-59.107
0.787	-59.088
0.935	-59.069
1.083	-59.05
1.231	-59.031
1.379	-59.012
1.527	-58.992
1.675	-58.973
1.823	-58.954
1.971	-58.934
2.119	-58.915
2.266	-58.895
2.414	-58.876
2.562	-58.856
2.71	-58.837
2.858	-58.817
3.006	-58.798
3.155	-58.778
3.304	-58.758
3.452	-58.738
3.601	-58.718
3.749	-58.699
3.898	-58.679
4.046	-58.659
4.195	-58.639
4.343	-58.619
4.492	-58.599
4.64	-58.578
4.788	-58.558
4.937	-58.538
5.085	-58.518
5.233	-58.498
5.381	-58.477
5.53	-58.457
5.678	-58.437
5.826	-58.416
5.923	-58.412
6.019	-58.408
6.116	-58.404
6.213	-58.4
6.309	-58.395
6.406	-58.391
6.503	-58.387
6.599	-58.383
6.696	-58.379
6.793	-58.374
6.89	-58.37
6.986	-58.366
7.083	-58.362
7.18	-58.357
7.276	-58.353
7.373	-58.349
7.469	-58.344
7.566	-58.34
7.663	-58.336
7.759	-58.331
7.855	-58.318
7.95	-58.305
8.045	-58.292
8.14	-58.279
8.235	-58.266
8.33	-58.253
8.425	-58.239
8.521	-58.226
8.616	-58.213
8.711	-58.2
8.806	-58.187
8.901	-58.173
8.996	-58.16
9.091	-58.147
9.186	-58.134
9.281	-58.12
9.376	-58.107
9.471	-58.094
9.566	-58.08
9.661	-58.067
9.773	-58.058
9.885	-58.05
9.996	-58.042
10.108	-58.033
10.22	-58.025
10.332	-58.016
10.444	-58.008
10.555	-57.999
10.667	-57.991
10.779	-57.982
10.891	-57.974
11.002	-57.965
11.114	-57.957
11.226	-57.948
11.337	-57.939
11.449	-57.931
11.561	-57.922
11.672	-57.914
11.784	-57.905
11.896	-57.896
11.975	-57.887
12.055	-57.878
12.135	-57.869
12.214	-57.86
12.294	-57.851
12.374	-57.842
12.453	-57.833
12.533	-57.823
12.612	-57.814
12.692	-57.805
12.772	-57.796
12.851	-57.787
12.931	-57.778
13.01	-57.769
13.09	-57.759
13.17	-57.75
13.249	-57.741
13.329	-57.732
13.408	-57.722
13.488	-57.713
13.582	-57.705
13.677	-57.696
13.771	-57.687
13.866	-57.679
13.96	-57.67
14.054	-57.661
14.149	-57.652
14.243	-57.644
14.337	-57.635
14.432	-57.626
14.526	-57.617
14.621	-57.608
14.715	-57.6
14.809	-57.591
14.904	-57.582
14.998	-57.573
15.092	-57.564
15.187	-57.555
15.281	-57.546
15.375	-57.538
15.469	-57.529
15.564	-57.521
15.658	-57.513
15.752	-57.504
15.846	-57.496
15.941	-57.487
16.035	-57.479
16.129	-57.471
16.223	-57.462
16.317	-57.454
16.411	-57.445
16.506	-57.437
16.6	-57.428
16.694	-57.42
16.788	-57.411
16.882	-57.403
16.976	-57.394
17.07	-57.386
17.165	-57.377
17.259	-57.369
17.345	-57.362
17.432	-57.355
17.519	-57.348
17.605	-57.341
17.692	-57.334
17.778	-57.328
17.865	-57.321
17.951	-57.314
18.038	-57.307
18.125	-57.3
18.211	-57.293
18.298	-57.286
18.384	-57.279
18.471	-57.272
18.557	-57.265
18.644	-57.258
18.73	-57.251
18.817	-57.244
18.903	-57.237
18.99	-57.23
19.091	-57.219
19.192	-57.207
19.293	-57.196
19.393	-57.185
19.494	-57.173
19.595	-57.162
19.696	-57.151
19.797	-57.139
19.898	-57.128
19.998	-57.116
20.099	-57.105
20.2	-57.093
20.301	-57.082
20.402	-57.07
20.502	-57.059
20.603	-57.047
20.704	-57.036
20.805	-57.024
20.905	-57.013
21.006	-57.001
21.068	-56.963
21.131	-56.926
21.193	-56.888
21.255	-56.851
21.317	-56.813
21.379	-56.776
21.441	-56.738
21.504	-56.7
21.566	-56.663
21.628	-56.625
21.69	-56.587
21.752	-56.549
21.814	-56.511
21.876	-56.473
21.938	-56.435
22	-56.397
22.062	-56.359
22.124	-56.321
22.185	-56.283
22.247	-56.245
22.307	-56.208
22.366	-56.171
22.426	-56.134
22.485	-56.097
22.545	-56.06
22.604	-56.023
22.664	-55.986
22.723	-55.948
22.782	-55.911
22.842	-55.874
22.901	-55.837
22.96	-55.799
23.02	-55.762
23.079	-55.724
23.138	-55.687
23.197	-55.65
23.257	-55.612
23.316	-55.575
23.375	-55.537
23.434	-55.499
23.494	-55.462
23.555	-55.425
23.615	-55.388
23.676	-55.351
23.736	-55.314
23.796	-55.277
23.856	-55.24
23.917	-55.202
23.977	-55.165
24.037	-55.128
24.097	-55.09
24.157	-55.053
24.218	-55.016
24.278	-54.978
24.338	-54.941
24.398	-54.903
24.458	-54.866
24.518	-54.828
24.578	-54.79
24.638	-54.753
24.693	-54.716
24.747	-54.68
24.802	-54.643
24.856	-54.606
24.911	-54.57
24.965	-54.533
25.02	-54.496
25.074	-54.46
25.129	-54.423
25.183	-54.386
25.238	-54.349
25.292	-54.312
25.346	-54.275
25.401	-54.238
25.455	-54.201
25.51	-54.164
25.564	-54.127
25.618	-54.09
25.672	-54.053
25.727	-54.016
25.765	-54.015
25.803	-54.015
25.841	-54.014
25.879	-54.013
25.917	-54.013
25.955	-54.012
25.993	-54.012
26.032	-54.011
26.07	-54.01
26.108	-54.01
26.146	-54.009
26.184	-54.008
26.222	-54.008
26.26	-54.007
26.298	-54.006
26.336	-54.006
26.374	-54.005
26.413	-54.004
26.451	-54.004
26.489	-54.003
26.533	-54.004
26.578	-54.005
26.623	-54.007
26.667	-54.008
26.712	-54.009
26.757	-54.011
26.801	-54.012
26.846	-54.013
26.891	-54.014
26.935	-54.016
26.98	-54.017
27.024	-54.018
27.069	-54.02
27.114	-54.021
27.158	-54.022
27.203	-54.023
27.248	-54.025
27.292	-54.026
27.337	-54.027
27.382	-54.028
27.468	-54.027
27.555	-54.026
27.641	-54.025
27.728	-54.024
27.814	-54.023
27.9	-54.021
27.987	-54.02
28.073	-54.019
28.16	-54.018
28.246	-54.016
28.333	-54.015
28.419	-54.014
28.506	-54.013
28.592	-54.011
28.679	-54.01
28.765	-54.009
28.852	-54.008
28.938	-54.006
29.024	-54.005
29.111	-54.004
29.155	-54.028
29.2	-54.053
29.244	-54.078
29.288	-54.103
29.333	-54.128
29.377	-54.153
29.422	-54.178
29.466	-54.203
29.511	-54.228
29.555	-54.252
29.599	-54.277
29.644	-54.302
29.688	-54.327
29.733	-54.352
29.777	-54.376
29.822	-54.401
29.866	-54.426
29.911	-54.451
29.956	-54.475
30	-54.5
30	-54.602
30	-54.703
30	-54.805
30	-54.906
30	-55.007
30	-55.108
30	-55.209
30	-55.309
30	-55.409
30	-55.509
30	-55.609
30	-55.709
30	-55.808
29.999	-55.907
29.999	-56.006
29.999	-56.105
29.999	-56.204
29.999	-56.302
29.999	-56.4
29.999	-56.498
29.999	-56.523
29.999	-56.548
29.999	-56.573
29.999	-56.599
29.998	-56.624
29.998	-56.649
29.998	-56.674
29.998	-56.699
29.998	-56.724
29.998	-56.749
29.997	-56.774
29.997	-56.799
29.997	-56.824
29.997	-56.849
29.997	-56.874
29.997	-56.899
29.996	-56.924
29.996	-56.949
29.996	-56.974
29.996	-56.999
29.996	-57.024
29.996	-57.049
29.997	-57.074
29.997	-57.099
29.997	-57.124
29.997	-57.149
29.997	-57.174
29.998	-57.199
29.998	-57.224
29.998	-57.249
29.998	-57.274
29.998	-57.299
29.999	-57.324
29.999	-57.349
29.999	-57.374
29.999	-57.399
29.999	-57.424
30	-57.449
30	-57.473
30	-57.498
30	-57.523
30	-57.549
30	-57.574
30	-57.599
30	-57.624
30	-57.649
30	-57.674
30	-57.7
30	-57.725
30	-57.75
30	-57.775
30	-57.8
30	-57.825
30	-57.85
30	-57.875
30	-57.9
30	-57.925
30	-57.95
30	-57.975
30	-58
30	-58.025
30	-58.05
30	-58.075
29.999	-58.1
29.999	-58.125
29.999	-58.15
29.999	-58.175
29.999	-58.2
29.998	-58.225
29.998	-58.25
29.998	-58.275
29.998	-58.3
29.998	-58.325
29.997	-58.35
29.997	-58.375
29.997	-58.4
29.997	-58.425
29.997	-58.45
29.996	-58.475
29.996	-58.499
29.996	-58.524
29.996	-58.549
29.997	-58.574
29.997	-58.599
29.997	-58.624
29.997	-58.649
29.997	-58.673
29.997	-58.698
29.997	-58.723
29.997	-58.748
29.998	-58.773
29.998	-58.797
29.998	-58.822
29.998	-58.847
29.998	-58.871
29.998	-58.896
29.998	-58.921
29.999	-58.945
29.999	-58.97
29.999	-58.995
29.999	-59.02
29.999	-59.045
29.999	-59.071
29.999	-59.096
29.999	-59.122
29.999	-59.147
29.999	-59.172
29.999	-59.197
29.999	-59.223
29.999	-59.248
29.999	-59.273
29.999	-59.298
29.999	-59.324
29.999	-59.349
29.999	-59.374
29.999	-59.399
29.999	-59.424
29.999	-59.449
29.999	-59.475
29.999	-59.5
29.999	-59.525
29.999	-59.55
29.999	-59.575
29.999	-59.6
29.999	-59.625
29.999	-59.65
29.999	-59.675
29.999	-59.7
29.999	-59.725
29.999	-59.75
29.998	-59.775
29.998	-59.8
29.998	-59.825
29.998	-59.85
29.998	-59.875
29.998	-59.899
29.998	-59.924
29.998	-59.949
29.998	-59.974
29.998	-59.999
29.998	-60.024
29.998	-60.049
29.999	-60.074
29.999	-60.1
29.999	-60.125
29.999	-60.15
29.999	-60.175
29.999	-60.2
29.999	-60.225
29.999	-60.25
29.999	-60.275
29.999	-60.3
29.999	-60.325
29.999	-60.35
30	-60.375
30	-60.4
30	-60.425
30	-60.45
30	-60.475
30	-60.5
30	-60.525
30	-60.55
29.999	-60.575
29.999	-60.6
29.999	-60.625
29.999	-60.65
29.998	-60.675
29.998	-60.7
29.998	-60.725
29.998	-60.75
29.997	-60.774
29.997	-60.799
29.997	-60.824
29.997	-60.849
29.997	-60.874
29.996	-60.898
29.996	-60.923
29.996	-60.948
29.996	-60.973
29.995	-60.997
29.996	-61.023
29.996	-61.048
29.996	-61.073
29.996	-61.098
29.997	-61.124
29.997	-61.149
29.997	-61.174
29.997	-61.199
29.997	-61.224
29.998	-61.249
29.998	-61.275
29.998	-61.3
29.998	-61.325
29.999	-61.35
29.999	-61.375
29.999	-61.4
29.999	-61.425
30	-61.45
30	-61.475
30	-61.5
30	-61.525
30	-61.55
29.999	-61.575
29.999	-61.6
29.999	-61.625
29.999	-61.651
29.999	-61.676
29.999	-61.701
29.998	-61.726
29.998	-61.751
29.998	-61.776
29.998	-61.8
29.998	-61.825
29.998	-61.85
29.997	-61.875
29.997	-61.9
29.997	-61.925
29.997	-61.95
29.997	-61.975
29.997	-61.999
29.997	-62.025
29.996	-62.05
29.996	-62.075
29.996	-62.1
29.996	-62.125
29.996	-62.15
29.996	-62.175
29.996	-62.2
29.996	-62.225
29.996	-62.25
29.996	-62.275
29.996	-62.3
29.996	-62.325
29.995	-62.35
29.995	-62.375
29.995	-62.4
29.995	-62.425
29.995	-62.45
29.995	-62.474
29.995	-62.499
29.995	-62.524
29.995	-62.55
29.996	-62.575
29.996	-62.6
29.996	-62.625
29.996	-62.65
29.997	-62.675
29.997	-62.7
29.997	-62.725
29.997	-62.75
29.998	-62.776
29.998	-62.801
29.998	-62.826
29.998	-62.851
29.999	-62.875
29.999	-62.9
29.999	-62.925
29.999	-62.95
30	-62.975
30	-63
30	-63
30	-63
30	-63
30	-63
30	-63
29.999	-63
29.999	-63
29.999	-63
29.999	-63
29.999	-63.001
29.999	-63.001
29.999	-63.001
29.999	-63.001
29.999	-63.001
29.999	-63.001
29.998	-63.001
29.998	-63.001
29.998	-63.001
29.998	-63.001
29.998	-63.001
29.998	-63.026
29.998	-63.051
29.998	-63.076
29.998	-63.101
29.998	-63.126
29.998	-63.151
29.998	-63.176
29.998	-63.201
29.998	-63.226
29.998	-63.251
29.998	-63.276
29.998	-63.301
29.998	-63.325
29.998	-63.35
29.998	-63.375
29.998	-63.4
29.998	-63.425
29.998	-63.449
29.998	-63.474
29.998	-63.499
29.998	-63.524
29.998	-63.549
29.997	-63.574
29.997	-63.6
29.997	-63.625
29.997	-63.65
29.997	-63.675
29.997	-63.7
29.997	-63.725
29.997	-63.75
29.997	-63.775
29.997	-63.8
29.997	-63.825
29.997	-63.85
29.997	-63.875
29.997	-63.9
29.997	-63.925
29.997	-63.95
29.997	-63.975
29.997	-64
29.997	-64.025
29.997	-64.05
29.997	-64.076
29.998	-64.101
29.998	-64.126
29.998	-64.151
29.998	-64.176
29.999	-64.201
29.999	-64.226
29.999	-64.251
29.999	-64.276
29.999	-64.301
30	-64.326
30	-64.351
30	-64.376
30	-64.4
30.001	-64.425
30.001	-64.45
30.001	-64.475
30.001	-64.5
30.001	-64.525
30.001	-64.55
30.001	-64.575
30.001	-64.6
30.001	-64.626
30.001	-64.651
30.001	-64.676
30.001	-64.701
30.001	-64.726
30.001	-64.751
30	-64.776
30	-64.801
30	-64.826
30	-64.851
30	-64.876
30	-64.901
30	-64.926
30	-64.95
30	-64.975
30	-65
30	-65.025
30	-65.05
30	-65.076
30	-65.101
30	-65.126
30	-65.151
30	-65.176
30	-65.201
30	-65.226
30	-65.251
30	-65.276
30	-65.301
30	-65.326
30	-65.351
30	-65.376
30	-65.401
30	-65.426
30	-65.45
30	-65.475
30	-65.5
30.008	-65.525
30.016	-65.55
30.023	-65.576
30.031	-65.601
30.039	-65.626
30.047	-65.651
30.055	-65.676
30.062	-65.701
30.07	-65.726
30.078	-65.751
30.086	-65.776
30.094	-65.801
30.101	-65.826
30.109	-65.851
30.117	-65.876
30.125	-65.901
30.133	-65.926
30.141	-65.951
30.148	-65.975
30.156	-66
30.148	-66.025
30.14	-66.05
30.132	-66.075
30.125	-66.1
30.117	-66.125
30.109	-66.149
30.101	-66.174
30.093	-66.199
30.085	-66.224
30.077	-66.248
30.069	-66.273
30.061	-66.298
30.053	-66.323
30.045	-66.347
30.037	-66.372
30.029	-66.396
30.021	-66.421
30.013	-66.446
30.005	-66.47
29.998	-66.495
29.998	-66.52
29.998	-66.546
29.998	-66.571
29.998	-66.596
29.998	-66.622
29.998	-66.647
29.998	-66.672
29.998	-66.698
29.999	-66.723
29.999	-66.748
29.999	-66.774
29.999	-66.799
29.999	-66.824
29.999	-66.849
29.999	-66.874
29.999	-66.9
30	-66.925
30	-66.95
30	-66.975
30	-67
30	-67.025
30	-67.05
30	-67.075
30	-67.1
30	-67.125
30	-67.151
30	-67.176
30	-67.201
30	-67.225
30	-67.25
30	-67.275
30	-67.3
30	-67.325
30	-67.35
30	-67.375
30	-67.4
30	-67.424
30	-67.449
30	-67.474
30	-67.499
30	-67.524
30	-67.549
30	-67.574
29.999	-67.6
29.999	-67.625
29.999	-67.65
29.999	-67.675
29.999	-67.7
29.999	-67.725
29.999	-67.751
29.999	-67.776
29.999	-67.801
29.999	-67.826
29.999	-67.851
29.999	-67.876
29.998	-67.901
29.998	-67.925
29.998	-67.95
29.998	-67.975
29.998	-68
30.015	-68.004
30.032	-68.008
30.049	-68.012
30.067	-68.016
30.084	-68.02
30.101	-68.024
30.118	-68.028
30.135	-68.032
30.152	-68.037
30.169	-68.041
30.186	-68.045
30.203	-68.049
30.22	-68.053
30.238	-68.057
30.255	-68.061
30.272	-68.065
30.289	-68.069
30.306	-68.073
30.323	-68.077
30.34	-68.081
30.367	-68.088
30.395	-68.095
30.422	-68.102
30.449	-68.11
30.476	-68.117
30.504	-68.124
30.531	-68.131
30.558	-68.138
30.585	-68.146
30.612	-68.153
30.64	-68.16
30.667	-68.167
30.694	-68.174
30.721	-68.181
30.748	-68.188
30.776	-68.196
30.803	-68.203
30.83	-68.21
30.857	-68.217
30.885	-68.224
30.893	-68.226
30.901	-68.229
30.909	-68.231
30.917	-68.233
30.926	-68.235
30.934	-68.237
30.942	-68.239
30.95	-68.241
30.958	-68.244
30.966	-68.246
30.975	-68.248
30.983	-68.25
30.991	-68.252
30.999	-68.254
31.007	-68.257
31.015	-68.259
31.024	-68.261
31.032	-68.263
30.9167	-68.3333
30.75	-68.5
30.75	-68.4167
30.6667	-68.5
30.5833	-68.5833
30.4167	-68.6667
30.3333	-68.75
30.25	-68.8333
30	-68.8333
29.8333	-68.8333
29.75	-68.8333
29.5833	-68.9167
29.25	-69
29.1667	-69
28.5	-69.0833
28.4167	-69.0833
27.8333	-69.1667
27.5833	-69.4167
27.6667	-69.5833
27.5833	-69.3333
27.3333	-69.75
27.25	-69.75
27	-69.75
26.9167	-69.75
26.8333	-69.75
26.25	-69.75
24.1667	-69.9167
24.0833	-69.9167
23.1667	-69.9167
23.0833	-69.9167
23	-69.9167
22.5	-69.9167
22.4167	-69.9167
22	-70
21.75	-70
21.6667	-70
21.5833	-70
21.5833	-69.9167
21.5	-69.9167
21.4167	-69.9167
21.3333	-69.9167
21.25	-69.9167
21.1667	-69.9167
20.75	-69.9167
20.5833	-69.9167
20.5	-69.9167
20.4167	-69.9167
20.3333	-69.9167
19.9167	-69.8333
19.75	-69.8333
19.6667	-69.8333
19.5833	-69.8333
19.3333	-69.8333
19	-69.9167
18.9167	-69.9167
18.8333	-69.9167
18.5833	-69.75
18.5833	-69.6667
18.5833	-69.5833
17.4167	-69.1667
17.3333	-69.1667
17.25	-69.1667
17.0833	-69.1667
16.75	-69.0833
16.5	-69.0833
16.4167	-69.0833
16.3333	-69.0833
15.8333	-69.1667
15.75	-69.1667
15.6667	-69.1667
15.5833	-69.1667
15.5	-69.1667
15.4167	-69.1667
15.3333	-69.1667
15.1667	-69.1667
14.8333	-69.0833
14.75	-69.0833
14.6667	-69.0833
14.5833	-69.0833
14.5	-69.0833
14.4167	-69.0833
14.1667	-69.0833
14.0833	-69.0833
14	-69.0833
13.9167	-69.0833
13.8333	-69
13.75	-69
13.6667	-68.9167
13.5833	-68.9167
13.5	-68.9167
13.4167	-68.9167
13.3333	-68.9167
13.25	-68.9167
13.1667	-68.9167
12.75	-68.9167
12.6667	-68.9167
12.5833	-68.75
12.5	-68.8333
12.5	-68.6667
12.4167	-68.5833
12.3333	-68.5
12.25	-68.3333
12.1667	-68.25
12.1667	-68.1667
12.1667	-68
12.1667	-67.9167
12.0833	-68.1667
12.0833	-68
12.0833	-67.9167
12.0833	-67.8333
12	-68.0833
12	-68
12	-67.9167
11.6667	-67.6667
11.5833	-67.6667
11.5	-67.5833
11.5	-67.5
11.5	-67.4167
11.4167	-67.3333
11.4167	-67.4167
11.3333	-67.3333
11.25	-67.3333
11.1667	-67.3333
11.0833	-67.3333
11	-67.3333
10.9167	-67.3333
10.8333	-67.3333
10.75	-67.3333
10.6667	-67.3333
10.5833	-67.4167
10.5	-67.4167
10.5	-67.5
10.4167	-67.5
10.4167	-67.5833
10.5	-67.5833
10.6667	-67.5833
10.75	-67.5833
10.6667	-67.6667
10.75	-67.6667
10.6667	-67.75
10.75	-67.75
10.8333	-67.75
10.9167	-67.75
10.9167	-67.8333
10.9167	-67.9167
11	-67.9167
11.0833	-67.9167
11.1667	-68
11.25	-68
11.3333	-68.0833
11.3333	-68.1667
11.25	-68.25
11.25	-68.3333
11.3333	-68.4167
11.3333	-68.5
11.0833	-68.6667
11.1667	-68.6667
11.25	-68.6667
11.3333	-68.6667
11.4167	-68.6667
10.75	-68.8333
10.9167	-68.8333
10.8333	-69.0833
10.5833	-69.1667
10.6667	-69.1667
10.75	-69.1667
10.8333	-69.1667
10.3333	-69.25
10.4167	-69.25
10.5	-69.25
10.3333	-69.3333
10.4167	-69.3333
10.1667	-69.4167
10.0833	-69.4167
10	-69.5
9.8333	-69.5833
9.75	-69.5833
9.6667	-69.6667
9.5833	-69.6667
9.5	-69.6667
9.4167	-69.6667
9.3333	-69.6667
9.25	-69.6667
9.1667	-69.6667
9.0833	-69.6667
9.0833	-69.5833
9	-69.5833
8.9167	-69.5
8.8333	-69.4167
8.75	-69.5833
8.75	-69.5
8.6667	-69.6667
8.6667	-69.5833
8.5833	-69.6667
8.5	-69.5833
8.4167	-69.5833
8.3333	-69.5833
8.25	-69.6667
8.25	-69.5833
8.1667	-69.6667
8.0833	-69.75
8	-69.75
7.9167	-69.75
7.8333	-69.75
7.75	-69.75
7.75	-69.6667
7.6667	-69.6667
7.5833	-69.6667
7.5	-69.6667
7.4167	-69.6667
7.3333	-69.6667
7.25	-69.6667
7.1667	-69.6667
7.1667	-69.5833
7.0833	-69.5833
7	-69.5833
7.0833	-69.5
7.1667	-69.4167
7.3333	-69.3333
7.25	-69.3333
7.1667	-69.3333
7.0833	-69.3333
6.75	-69.3333
6.75	-69.25
6.6667	-69.25
6.5833	-69.1667
6.5	-69.1667
6.5	-69.0833
6.4167	-69.0833
6.3333	-69.0833
6.25	-69.0833
6.1667	-69.0833
6.0833	-69.0833
6	-69.0833
6	-69.1667
5.9167	-69.1667
5.8333	-69.1667
5.75	-69.1667
5.8333	-69.25
5.75	-69.25
5.6667	-69.25
5.8333	-69.3333
5.75	-69.3333
5.8333	-69.4167
6	-69.45
5.9167	-69.5
5.8333	-69.5
6	-69.5833
5.8333	-69.5833
5.75	-69.6667
5.4167	-69.5833
5.25	-69.5833
4.6667	-69.6667
4.5833	-69.75
4.5	-69.75
4.1667	-69.5833
4.0833	-69.5833
4	-69.5833
3.9167	-69.5833
3.6667	-69.6667
3.4167	-69.5833
3.4167	-69.5
3.3333	-69.5
3.1667	-69.5
3.0833	-69.5
3	-69.5833
2.9167	-69.5833
2.8333	-69.5833
2.6667	-69.6667
2.5833	-69.6667
1.9167	-69.6667
1.5833	-69.75
1.5	-69.6667
1.4167	-69.5833
0.8333	-69.5833
0.75	-69.5833
0.6667	-69.5833
0.5833	-69.5833
0.5	-69.5
0.5	-69.4167
0.5	-69.3333
0.4167	-69.4167
0.3263	-69.5495
0.1416	-69.3764
-0.7199	-69.2765
-0.8067	-69.3786
-0.7847	-69.4278
-0.9271	-69.5383
-0.8316	-69.5686
-0.661	-69.5672
-0.652	-69.5892
-0.9811	-69.6619
-1.3802	-69.8071
-1.3693	-69.8354
-1.0988	-69.8468
-1.0868	-69.8698
-1.3932	-69.8877
-1.5833	-69.8333
-3.4167	-69.9167
-4.5833	-69.75
-4.6667	-69.75
-4.75	-69.75
-4.8333	-69.9167
-5.0833	-70
-5.4167	-69.75
-5.5	-69.75
-5.3333	-69.6667
-5.1667	-69.5833
-5.0833	-69.4167
-5	-69.3333
-5.0833	-69.3333
-5.1667	-69.3333
-5.25	-69.3333
-5.3333	-69.3333
-5.4167	-69.25
-5.5	-69.25
-5.5833	-69.25
-5.6667	-69.25
-5.75	-69.25
-5.8333	-69.25
-5.9167	-69.25
-6	-69.25
-6.0833	-69.25
-6.1667	-69.3333
-6.1667	-69.25
-6.25	-69.3333
-6.3333	-69.3333
-6.4167	-69.4167
-6.4167	-69.3333
-6.5	-69.4167
-6.5833	-69.4167
-6.6667	-69.5833
-6.6667	-69.5
-6.6667	-69.4167
-6.75	-69.5
-6.75	-69.5833
-6.6667	-69.6667
-7.4167	-69.6667
-7.5	-69.6667
-7.5833	-69.6667
-7.6667	-69.75
-7.6667	-69.6667
-7.75	-69.75
-7.75	-69.6667
-7.8333	-69.8333
-7.9167	-69.8333
-8	-69.9167
-8.0833	-69.9167
-8.1667	-70
-8.3333	-70.0833
-8.5	-70.0833
-8.5833	-70
-8.75	-69.9167
-8.8333	-69.9167
-8.9167	-69.8333
-9	-69.8333
-9.0833	-69.75
-9.5	-69.8333
-9.5	-69.75
-9.5833	-69.9167
-9.8333	-69.8333
-9.9167	-69.8333
-10.0833	-69.9167
-10.1667	-69.9167
-10.25	-69.9167
-10.3333	-70
-10.4167	-70
-10.5833	-70.1667
-10.5833	-70.0833
-10.8333	-70.25
-10.9167	-70.25
-11.1667	-70.1667
-11.25	-70.25
-11.25	-70.1667
-11.3333	-70.1667
-11.4167	-70.1667
-11.5	-70.1667
-11.6667	-70.25
-11.75	-70.4167
-11.75	-70.3333
-11.8333	-70.4167
-11.9167	-70.5
-12	-70.5
-12.0833	-70.5
-12.5	-70.6667
-12.5	-70.5
-12.5833	-70.5833
-12.5833	-70.5
-12.75	-70.8333
-12.8333	-70.8333
-13	-70.9167
-13.0833	-70.9167
-13.1667	-71
-13.25	-71
-13.3333	-71
-13.6667	-71.0833
-13.8333	-71.0833
-13.9167	-71.0833
-14	-71.0833
-14.0833	-71.1667
-14.3333	-71.25
-14.4167	-71.25
-14.6667	-71.3333
-14.75	-71.3333
-15.1667	-71.4167
-15.25	-71.4167
-15.3333	-71.4167
-15.4167	-71.4167
-15.5	-71.4167
-15.5833	-71.4167
-15.75	-71.5
-15.8333	-71.5
-15.9167	-71.5
-16.25	-71.5833
-16.5833	-71.75
-16.75	-71.8333
-16.8333	-71.8333
-16.9167	-71.8333
-17	-71.8333
-17.5833	-72.1667
-17.75	-72.25
-18.3333	-72.4167
-18.4167	-72.5
-18.57	-72.74
-18.82	-72.56
-18.91	-72.6
-18.93	-72.74
-19.5	-72.8333
-19.5833	-72.8333
-19.9167	-72.8333
-20	-72.8333
-20.6667	-72.8333
-21.0833	-72.9167
-21.5	-73
-21.6667	-73.1667
-21.6667	-73.0833
-21.75	-73.1667
-22.25	-73.25
-22.75	-73.25
-23.25	-73.25
-24.0833	-73.4167
-24.6667	-73.5833
-25	-73.75
-25.25	-73.6667
-25.6667	-73.5833
-25.75	-73.5833
-25.8333	-73.5833
-26.0833	-73.5833
-26.1667	-73.5833
-26.25	-73.5833
-26.3333	-73.5833
-26.4167	-73.5833
-26.5	-73.5833
-26.5833	-73.5833
-26.6667	-73.5833
-26.75	-73.5833
-26.8333	-73.5833
-26.9167	-73.5833
-27	-73.5833
-27.0833	-73.5833
-27.1667	-73.6667
-27.25	-73.6667
-27.3333	-73.6667
-27.4167	-73.6667
-27.5	-73.6667
-27.5833	-73.75
-27.75	-73.75
-27.8333	-73.8333
-27.9167	-73.8333
-28	-73.8333
-28.0833	-73.8333
-28.1667	-73.8333
-28.25	-73.9167
-28.3333	-73.9167
-28.4167	-73.9167
-28.5	-73.9167
-28.5833	-73.9167
-28.6667	-74
-28.75	-74
-28.8333	-74.0833
-28.8333	-74
-28.9167	-74.0833
-29	-74.1667
-29.0833	-74.1667
-29.1667	-74.25
-29.3333	-74.1667
-29.4167	-74.1667
-29.8333	-74.0833
-29.9167	-74.0833
-30	-74.0833
-30.25	-74
-30.3333	-74
-30.4167	-74
-30.5	-74
-30.5833	-74
-30.8333	-73.9167
-30.9167	-73.9167
-31	-73.9167
-31.0833	-73.9167
-31.1667	-73.9167
-31.25	-73.9167
-31.3333	-73.9167
-31.4167	-73.9167
-31.5	-73.9167
-32.5	-74
-32.5833	-74
-32.6667	-74
-32.75	-74
-32.8333	-74
-32.9167	-74
-33	-74
-33.0833	-74
-33.6667	-74
-33.75	-74
-33.8333	-74
-33.9167	-74
-34	-74
-34.0833	-74
-34.1667	-74
-34.25	-74
-34.3333	-74
-34.4167	-74
-34.5	-74
-34.5833	-74
-34.6667	-74
-34.75	-74
-34.8333	-74
-34.9167	-74
-35	-74
-35.0833	-74
-35.1667	-74
-35.25	-74
-35.3333	-74
-35.4167	-74
-35.5	-74
-35.8333	-74.0833
-35.9167	-74.0833
-36	-74.0833
-36.5	-74.0833
-36.5833	-74.0833
-36.6667	-74.0833
-36.75	-74.0833
-36.8333	-74.0833
-36.9167	-74.0833
-37.5	-74
-37.5833	-74
-37.5833	-73.9167
-37.8333	-73.8333
-37.9167	-73.8333
-38	-73.8333
-38.0833	-73.8333
-38.1667	-73.8333
-38.25	-73.75
-38.3333	-73.75
-38.5833	-73.6667
-39	-73.6667
-39.0833	-73.6667
-39.1667	-73.5833
-39.25	-73.5833
-39.3333	-73.5833
-39.4167	-73.5833
-39.5	-73.5833
-39.5833	-73.5833
-39.6667	-73.5833
-39.75	-73.5833
-39.8333	-73.5833
-39.8333	-73.5
-39.9167	-73.5
-40	-73.5
-40.0833	-73.5
-40.1667	-73.5
-40.25	-73.4167
-40.3333	-73.4167
-40.4167	-73.4167
-40.5	-73.4167
-40.5833	-73.4167
-40.5833	-73.3333
-40.6667	-73.3333
-40.6667	-73.25
-40.75	-73.25
-40.8333	-73.25
-40.9167	-73.25
-41	-73.1667
-41.0833	-73.1667
-41.1667	-73.1667
-41.25	-73.1667
-41.5	-73.0833
-41.5	-73
-41.5	-72.9167
-41.5833	-72.9167
-41.5833	-72.8333
-41.6667	-72.8333
-41.75	-72.8333
-41.8333	-72.8333
-41.9167	-72.8333
-42	-72.8333
-42.0833	-72.75
-42.1667	-72.75
-42.25	-72.75
-42.3333	-72.75
-42.4167	-72.75
-42.5	-72.75
-42.5833	-72.75
-42.6667	-72.75
-42.75	-72.75
-42.75	-72.6667
-42.8333	-72.6667
-42.9167	-72.6667
-43	-72.6667
-43.0833	-72.5833
-43.1667	-72.5833
-43.1667	-72.5
-43.25	-72.5
-43.3333	-72.5
-43.4167	-72.5
-43.5	-72.5
-43.5833	-72.4167
-43.6667	-72.4167
-43.75	-72.4167
-43.8333	-72.4167
-43.9167	-72.4167
-44	-72.4167
-44.0833	-72.4167
-44.1667	-72.3333
-44.25	-72.3333
-44.3333	-72.3333
-44.4167	-72.3333
-44.5	-72.3333
-44.5833	-72.25
-44.6667	-72.25
-44.75	-72.25
-44.8333	-72.25
-44.8333	-72.1667
-44.9167	-72.1667
-45	-72.1667
-45.0833	-72.1667
-45.1667	-72.1667
-45.1667	-72.0833
-45.25	-72.1667
-45.25	-72.0833
-45.3333	-72.0833
-45.4167	-72.0833
-45.5	-72.0833
-45.5833	-72.0833
-45.6667	-72.0833
-45.75	-72.0833
-45.8333	-72.0833
-45.8333	-72
-45.9167	-72
-46	-72
-46.0833	-72
-46.1667	-72
-46.25	-72
-46.3333	-72
-46.4167	-72
-46.5	-72
-46.5833	-72
-46.5833	-71.9167
-46.6667	-71.9167
-46.75	-71.9167
-46.8333	-71.9167
-46.9167	-71.9167
-47	-71.9167
-47.0833	-71.9167
-47.1667	-71.9167
-47.25	-71.9167
-47.3333	-71.9167
-47.4167	-72
-47.5	-72
-47.5833	-72
-47.6667	-71.9167
-47.75	-71.9167
-47.8333	-71.9167
-47.9167	-71.9167
-48	-71.9167
-48	-71.8333
-48.0833	-71.8333
-48.1667	-71.8333
-48.25	-71.8333
-48.3333	-71.8333
-48.4167	-71.8333
-48.5	-71.8333
-48.5833	-71.9167
-48.6667	-71.8333
-48.6667	-71.75
-48.75	-71.75
-48.8333	-71.75
-48.9167	-71.75
-49	-71.75
-49	-71.6667
-49.0833	-71.75
-49.1667	-71.75
-49.25	-71.75
-49.25	-71.6667
-49.3333	-71.6667
-49.4167	-71.6667
-49.5	-71.6667
-49.6667	-71.6667
-49.75	-71.6667
-49.8333	-71.6667
-49.9167	-71.6667
-50	-71.6667
-50.0833	-71.6667
-50.1667	-71.6667
-50.25	-71.6667
-50.3333	-71.6667
-50.4167	-71.6667
-50.5	-71.6667
-50.5833	-71.6667
-50.6667	-71.6667
-50.8333	-71.75
-51	-71.8333
-51.0833	-71.8333
-51.3333	-71.9167
-51.6667	-72
-51.6667	-71.9167
-51.5833	-71.8333
-51.5	-71.75
-51.3333	-71.6667
-51.25	-71.5833
-51.3333	-71.5833
-51.4167	-71.5833
-51.3333	-71.5
-51.4167	-71.5
-51.5	-71.5
-51.5833	-71.5
-51.5833	-71.4167
-51.6667	-71.4167
-52.0833	-71.4167
-52.1667	-71.4167
-52.25	-71.4167
-52.3333	-71.4167
-52.3333	-71.3333
-52.4167	-71.3333
-52.5	-71.3333
-52.5833	-71.3333
-52.6667	-71.3333
-52.75	-71.3333
-52.9167	-71.3333
-53	-71.3333
-52.9167	-71.25
-53	-71.25
-53.0833	-71.25
-52.9167	-71.1667
-53	-71.1667
-53.0833	-71.1667
-53	-71.0833
-53.0833	-71.0833
-52.9167	-71
-53	-71
-52.8333	-70.9167
-52.9167	-70.9167
-52.8333	-70.8333
-52.9167	-70.8333
-52.8333	-70.75
-52.9167	-70.75
-52.75	-70.6667
-52.8333	-70.6667
-52.75	-70.5833
-52.8333	-70.5833
-52.8333	-70.5
-52.9167	-70.5
-52.9167	-70.4167
-53	-70.4167
-53	-70.3333
-53.0833	-70.3333
-53.0833	-70.25
-53.1667	-70.25
-53.1667	-70.1667
-53.25	-70.1667
-53.25	-70.0833
-53.3333	-70.0833
-53.4167	-70
-53.5	-70
-53.5833	-70
-53.5833	-69.9167
-53.6667	-69.9167
-53.5833	-69.8333
-53.6667	-69.8333
-53.5	-69.75
-53.5833	-69.75
-53.25	-69.6667
-53.3333	-69.6667
-53.4167	-69.6667
-53.5	-69.6667
-53	-69.5833
-53.0833	-69.5833
-53.1667	-69.5833
-52.8333	-69.5
-52.9167	-69.5
-53	-69.5
-53.0833	-69.5
-52.8333	-69.4167
-52.9167	-69.4167
-53	-69.4167
-52.8333	-69.3333
-52.75	-69.25
-52.8333	-69.25
-52.75	-69.1667
-52.6667	-69.0833
-52.75	-69.0833
-52.5	-69
-52.5833	-69
-52.6667	-69
-52.4167	-68.9167
-52.5	-68.9167
-52.25	-68.8333
-52.3333	-68.8333
-52.1667	-68.75
-52.25	-68.75
-52.1667	-68.6667
-52.0833	-68.5833
-52.1667	-68.5833
-52.0833	-68.5
-52.0833	-68.4167
-52.0833	-68.3333
-52.0833	-68.25
-52.0833	-68.1667
-52.1667	-68.1667
-52.1667	-68.0833
-52.25	-68.0833
-52.3333	-68
-52.4167	-68
-52.5	-68
-52.5833	-67.9167
-52.6667	-67.9167
-52.75	-67.9167
-52.8333	-67.8333
-52.9167	-67.8333
-53	-67.8333
-53.0833	-67.75
-53.1667	-67.75
-53.25	-67.6667
-53.3333	-67.6667
-53.5	-67.5833
-53.5833	-67.5
-53.5833	-67.4167
-53.6667	-67.4167
-53.6667	-67.3333
-53.75	-67.3333
-53.6667	-67.25
-53.5833	-67.1667
-53.4167	-67.0833
-53.3333	-67
-53.25	-66.9167
-53.1667	-66.8333
-53.0833	-66.75
-53	-66.6667
-52.9167	-66.5833
-53	-66.5833
-52.8333	-66.5
-52.9167	-66.5
-52.75	-66.4167
-52.8333	-66.4167
-52.75	-66.3333
-52.8333	-66.3333
-52.8333	-66.25
-52.8333	-66.1667
-52.9167	-66.1667
-52.9167	-66.0833
-53	-66.0833
-53	-66
-53.0833	-66
-53.1667	-66
-53.1667	-65.9167
-53.25	-65.9167
-53.25	-65.8333
-53.25	-65.75
-53.3333	-65.75
-53.3333	-65.6667
-53.4167	-65.6667
-53.4167	-65.5833
-53.5	-65.5833
-53.5	-65.5
-53.5833	-65.5
-53.5833	-65.4167
-53.6667	-65.4167
-53.6667	-65.3333
-53.75	-65.3333
-53.8333	-65.3333
-53.8333	-65.25
-53.9167	-65.25
-54	-65.25
-53.9167	-65.1667
-54	-65.1667
-54.0833	-65.1667
-54.1667	-65.1667
-53.9167	-65.0833
-54	-65.0833
-54.0833	-65.0833
-53.9167	-65
-54	-65
-53.8333	-64.9167
-53.75	-64.8333
-53.8333	-64.8333
-53.75	-64.75
-53.75	-64.6667
-53.4167	-64.5833
-53.1667	-64.5
-53.25	-64.5
-53.0833	-64.4167
-53	-64.3333
-52.9167	-64.25
-52.75	-64.0833
-51.8333	-64
-51.9167	-64
-51.5	-63.9167
-51.5833	-63.9167
-51.3333	-63.8333
-51.4167	-63.8333
-51.3333	-63.75
-51.3333	-63.6667
-51.4167	-63.6667
-51.1667	-63.5833
-51.25	-63.5833
-51.3333	-63.5833
-51.4167	-63.5833
-50.8333	-63.5
-50.9167	-63.5
-51	-63.5
-50.0833	-63.4167
-50.1667	-63.4167
-50.25	-63.4167
-49.5	-63.3333
-49.4167	-63.25
-49.5833	-63.1667
-49.6667	-63.0833
-49.6667	-63
-49.8333	-63
-52.6667	-62.8333
-44.139	-60.892
